 Note: The transition dipole moments reported below only correspond to spatial part, the spin part is not taken into account

 Ground state electric dipole moment in X,Y,Z:    0.000000   -0.000000    0.000002 a.u.

 Transition electric dipole moment between ground state (0) and excited states (a.u.)
     i     j         X             Y             Z        Diff.(eV)   Oscil.str
     0     1    -0.0000139     0.0000462    -0.0000000     2.75590     0.00000
     0     2    -1.1112559     3.3753054    -0.0000000     4.11460     1.27293
     0     3    -0.6886780    -0.5246131    -0.0000000     4.72910     0.08684
     0     4    -0.0000000     0.0000000     0.0000015     4.74210     0.00000
     0     5    -0.0000000    -0.0000000     0.0000041     5.41280     0.00000
     0     6    -1.5049810    -1.4869076     0.0000000     5.97700     0.65542
     0     7    -0.0000195    -0.0000221    -0.0000000     6.00890     0.00000
     0     8     0.0000000    -0.0000000    -0.0000022     6.04010     0.00000
     0     9    -0.0000000     0.0000000    -0.1006668     6.11310     0.00152
     0    10     0.0000000    -0.0000000     0.1168090     6.20380     0.00207
     0    11     0.0000000    -0.0000000    -0.0899781     6.32590     0.00125
     0    12     0.0000000    -0.0000000    -0.0000039     6.35070     0.00000
     0    13     0.0000012    -0.0000032     0.0000000     6.47230     0.00000
     0    14     1.2121335    -1.7938445    -0.0000000     6.51680     0.74834
     0    15    -0.0000000     0.0000000     0.0000005     6.60490     0.00000
     0    16     0.0000080     0.0000043     0.0000000     6.73430     0.00000
     0    17    -0.0000000    -0.0000000    -0.0350240     6.79030     0.00020
     0    18    -0.0000000    -0.0000000     0.2082455     6.79280     0.00722
     0    19     0.0000040     0.0000019     0.0000000     6.79750     0.00000
     0    20    -0.0000015    -0.0000009    -0.0000000     6.80460     0.00000
     0    21    -0.4726445    -0.1031305    -0.0000000     6.86760     0.03938
     0    22    -0.0000000     0.0000000     0.3599581     6.92210     0.02197
     0    23     0.0000000    -0.0000000    -0.0426124     7.07590     0.00031
     0    24    -0.0000170     0.0000071     0.0000000     7.10510     0.00000
     0    25     0.0000000    -0.0000000    -0.0000065     7.11220     0.00000
     0    26    -0.1130272     0.2277913     0.0000000     7.12940     0.01129
     0    27    -0.0000000    -0.0000000    -0.0334761     7.22020     0.00020
     0    28    -1.3749634    -1.7780657     0.0000000     7.23230     0.89516
     0    29    -0.0000010     0.0000015    -0.0000000     7.26390     0.00000
     0    30    -0.0000000    -0.0000000     0.4620482     7.28540     0.03811
 
 Note: In below output the case of i=j corresponds to contribution of electron to dipole moment of excited state i
 Transition electric dipole moment between excited states (a.u.):
     i     j         X             Y             Z        Diff.(eV)   Oscil.str
     1     1     0.0000000    -0.0000000     0.0000020     0.00000     0.00000
     1     2    -0.0000000     0.0000000    -0.1053248     1.35870     0.00037
     1     3     0.0000000     0.0000000     0.0132885     1.97320     0.00001
     1     4    -0.0000054     0.0000095     0.0000000     1.98620     0.00000
     1     5    -0.0000210     0.0000633    -0.0000000     2.65690     0.00000
     1     6     0.0000000     0.0000000     0.0067941     3.22110     0.00000
     1     7    -0.0000000    -0.0000000    -0.0000010     3.25300     0.00000
     1     8    -0.0000040     0.0000150    -0.0000000     3.28420     0.00000
     1     9    -1.1177504     1.3273406    -0.0000000     3.35720     0.24767
     1    10     0.2388918    -1.6696555     0.0000000     3.44790     0.24031
     1    11     0.0000000     0.0000000     0.0000000     3.57000     0.00000
     1    12     0.0000045    -0.0000136     0.0000000     3.59480     0.00000
     1    13     0.0000000     0.0000000     0.0000000     3.71640     0.00000
     1    14     0.0000000    -0.0000000     0.0066931     3.76090     0.00000
     1    15     0.0000003    -0.0000037     0.0000000     3.84900     0.00000
     1    16     0.0000000     0.0000000     0.0000000     3.97840     0.00000
     1    17     0.0000000     0.0000000     0.0000000     4.03440     0.00000
     1    18     0.1452649    -1.6817905     0.0000000     4.03690     0.28182
     1    19     0.0000000    -0.0000000     0.0000011     4.04160     0.00000
     1    20     0.0000000    -0.0000000     0.0000007     4.04870     0.00000
     1    21    -0.0000000     0.0000000    -0.2064401     4.11170     0.00429
     1    22     0.0000000     0.0000000     0.0000000     4.16620     0.00000
     1    23     0.0000000     0.0000000     0.0000000     4.32000     0.00000
     1    24    -0.0000000     0.0000000    -0.0000063     4.34920     0.00000
     1    25     0.0000031    -0.0000096     0.0000000     4.35630     0.00000
     1    26    -0.0000000     0.0000000     0.1298866     4.37350     0.00181
     1    27     0.4412623     0.0593673     0.0000000     4.46430     0.02168
     1    28    -0.0000000     0.0000000    -0.0340213     4.47640     0.00013
     1    29     0.0000000     0.0000000     0.0000000     4.50800     0.00000
     1    30     0.0000000     0.0000000     0.0000000     4.52950     0.00000
     2     2     0.0000000    -0.0000000     0.0000125     0.00000     0.00000
     2     3     0.0000000     0.0000000     0.0000007     0.61450     0.00000
     2     4    -0.6215425     0.5067716    -0.0000000     0.62750     0.00989
     2     5    -1.2377667     4.2125801    -0.0000000     1.29820     0.61314
     2     6     0.0000000    -0.0000000    -0.0000004     1.86240     0.00000
     2     7     0.0000000     0.0000000     0.0000000     1.89430     0.00000
     2     8    -0.9569324     1.9329001    -0.0000000     1.92550     0.21944
     2     9    -0.0000002     0.0000015    -0.0000000     1.99850     0.00000
     2    10     0.0000002    -0.0000016     0.0000000     2.08920     0.00000
     2    11     0.0000006    -0.0000042    -0.0000000     2.21130     0.00000
     2    12     1.0842067    -3.3329336     0.0000000     2.23610     0.67296
     2    13    -0.0000000     0.0000000     0.0214969     2.35770     0.00003
     2    14    -0.0000000     0.0000000    -0.0000014     2.40220     0.00000
     2    15     0.0000000     0.0000000     0.0000000     2.49030     0.00000
     2    16    -0.0000000    -0.0000000    -0.0802373     2.61970     0.00041
     2    17     0.0000000     0.0000000     0.0000000     2.67570     0.00000
     2    18     0.0000031     0.0000103    -0.0000000     2.67820     0.00000
     2    19    -0.0000000     0.0000000    -0.0115042     2.68290     0.00001
     2    20     0.0000000     0.0000000     0.0205484     2.69000     0.00003
     2    21     0.0000000     0.0000000     0.0000000     2.75300     0.00000
     2    22    -0.0000006    -0.0000035     0.0000000     2.80750     0.00000
     2    23     0.0000025    -0.0000028    -0.0000000     2.96130     0.00000
     2    24    -0.0000000     0.0000000    -0.0080595     2.99050     0.00000
     2    25    -0.5764763     1.2344520    -0.0000000     2.99760     0.13632
     2    26     0.0000000     0.0000000     0.0000000     3.01480     0.00000
     2    27    -0.0000072     0.0000006     0.0000000     3.10560     0.00000
     2    28    -0.0000000    -0.0000000     0.0000006     3.11770     0.00000
     2    29     0.0000000    -0.0000000    -0.0624570     3.14930     0.00030
     2    30     0.0000000     0.0000000     0.0000000     3.17080     0.00000
     3     3     0.0000000    -0.0000000     0.0000106     0.00000     0.00000
     3     4    -1.0730372     3.3381233     0.0000000     0.01300     0.00392
     3     5     0.2019781     0.0888642     0.0000000     0.68370     0.00082
     3     6     0.0000000    -0.0000000     0.0000023     1.24790     0.00000
     3     7     0.0000000    -0.0000000     0.0361269     1.27980     0.00004
     3     8     0.8784755    -2.6340358    -0.0000000     1.31100     0.24763
     3     9    -0.0000037     0.0000111    -0.0000000     1.38400     0.00000
     3    10    -0.0000031     0.0000088     0.0000000     1.47470     0.00000
     3    11    -0.0000035    -0.0000007     0.0000000     1.59680     0.00000
     3    12     0.3264991    -0.4606580     0.0000000     1.62160     0.01267
     3    13     0.0000000     0.0000000    -0.0110158     1.74320     0.00001
     3    14    -0.0000000     0.0000000    -0.0000010     1.78770     0.00000
     3    15     0.1251866    -0.0752156     0.0000000     1.87580     0.00098
     3    16    -0.0000000     0.0000000     0.0453095     2.00520     0.00010
     3    17    -0.0000001    -0.0000032    -0.0000000     2.06120     0.00000
     3    18    -0.0000007     0.0000012     0.0000000     2.06370     0.00000
     3    19     0.0000000    -0.0000000     0.0313051     2.06840     0.00005
     3    20    -0.0000000     0.0000000    -0.0428587     2.07550     0.00009
     3    21     0.0000000     0.0000000     0.0000000     2.13850     0.00000
     3    22    -0.0000012    -0.0000021    -0.0000000     2.19300     0.00000
     3    23    -0.0000020     0.0000025     0.0000000     2.34680     0.00000
     3    24     0.0000000     0.0000000     0.0018992     2.37600     0.00000
     3    25    -0.0958529     0.9790325    -0.0000000     2.38310     0.05650
     3    26     0.0000000     0.0000000     0.0000000     2.40030     0.00000
     3    27    -0.0000000     0.0000007     0.0000000     2.49110     0.00000
     3    28     0.0000000    -0.0000000    -0.0000011     2.50320     0.00000
     3    29    -0.0000000    -0.0000000    -0.0549151     2.53480     0.00019
     3    30    -0.0000001    -0.0000014    -0.0000000     2.55630     0.00000
     4     4     0.0000000    -0.0000000     0.0000106     0.00000     0.00000
     4     5    -0.0000000     0.0000000    -0.0000010     0.67070     0.00000
     4     6    -0.8882394     2.7971791     0.0000000     1.23490     0.26059
     4     7     0.0000045    -0.0000137     0.0000000     1.26680     0.00000
     4     8     0.0000000    -0.0000000    -0.0000023     1.29800     0.00000
     4     9     0.0000000    -0.0000000    -0.0300449     1.37100     0.00003
     4    10    -0.0000000     0.0000000    -0.0144103     1.46170     0.00001
     4    11     0.0000000     0.0000000     0.0007125     1.58380     0.00000
     4    12     0.0000000    -0.0000000     0.0000001     1.60860     0.00000
     4    13     0.0000000    -0.0000016     0.0000000     1.73020     0.00000
     4    14     0.3357322     0.2323749    -0.0000000     1.77470     0.00725
     4    15    -0.0000000    -0.0000000    -0.0000001     1.86280     0.00000
     4    16     0.0000017    -0.0000040    -0.0000000     1.99220     0.00000
     4    17    -0.0000000     0.0000000    -0.0472033     2.04820     0.00011
     4    18     0.0000000    -0.0000000    -0.0062366     2.05070     0.00000
     4    19     0.0000038     0.0000032     0.0000000     2.05540     0.00000
     4    20     0.0000016    -0.0000001    -0.0000000     2.06250     0.00000
     4    21     0.0000000     0.0000000     0.0000000     2.12550     0.00000
     4    22    -0.0000000     0.0000000     0.0160630     2.18000     0.00001
     4    23     0.0000000     0.0000000    -0.1072287     2.33380     0.00066
     4    24     0.0000012     0.0000033     0.0000000     2.36300     0.00000
     4    25     0.0000000    -0.0000000     0.0000001     2.37010     0.00000
     4    26     0.0000000     0.0000000     0.0000000     2.38730     0.00000
     4    27     0.0000000    -0.0000000     0.0163764     2.47810     0.00002
     4    28     0.6863003    -1.5912775     0.0000000     2.49020     0.18322
     4    29    -0.0000001    -0.0000015    -0.0000000     2.52180     0.00000
     4    30    -0.0000000    -0.0000000    -0.0394484     2.54330     0.00010
     5     5     0.0000000    -0.0000000     0.0000095     0.00000     0.00000
     5     6     0.5960411    -0.9461603    -0.0000000     0.56420     0.01729
     5     7    -0.0000011     0.0000020     0.0000000     0.59610     0.00000
     5     8     0.0000000    -0.0000000     0.0000020     0.62730     0.00000
     5     9    -0.0000000     0.0000000     0.0129258     0.70030     0.00000
     5    10     0.0000000    -0.0000000     0.0148218     0.79100     0.00000
     5    11    -0.0000000     0.0000000     0.0040354     0.91310     0.00000
     5    12     0.0000000    -0.0000000    -0.0000014     0.93790     0.00000
     5    13    -0.0000003    -0.0000003    -0.0000000     1.05950     0.00000
     5    14     0.1780805    -0.8021815     0.0000000     1.10400     0.01826
     5    15     0.0000000    -0.0000000     0.0000004     1.19210     0.00000
     5    16    -0.0000006     0.0000021    -0.0000000     1.32150     0.00000
     5    17    -0.0000000    -0.0000000     0.0022366     1.37750     0.00000
     5    18    -0.0000000     0.0000000    -0.0476345     1.38000     0.00008
     5    19    -0.0000045     0.0000105     0.0000000     1.38470     0.00000
     5    20    -0.0000010     0.0000068    -0.0000000     1.39180     0.00000
     5    21     0.0000000     0.0000000     0.0000000     1.45480     0.00000
     5    22     0.0000000    -0.0000000    -0.0151053     1.50930     0.00001
     5    23    -0.0000000    -0.0000000     0.0567804     1.66310     0.00013
     5    24    -0.0000062     0.0000185    -0.0000000     1.69230     0.00000
     5    25    -0.0000000     0.0000000    -0.0000009     1.69940     0.00000
     5    26     0.0000000     0.0000000     0.0000000     1.71660     0.00000
     5    27    -0.0000000     0.0000000     0.0340127     1.80740     0.00005
     5    28    -0.1289319    -0.2887057    -0.0000000     1.81950     0.00446
     5    29     0.0000001     0.0000001    -0.0000000     1.85110     0.00000
     5    30     0.0000000    -0.0000000     0.0195038     1.87260     0.00002
     6     6     0.0000000    -0.0000000     0.0000089     0.00000     0.00000
     6     7    -0.0000000     0.0000000    -0.0863084     0.03190     0.00001
     6     8     0.2372882    -0.3726046     0.0000000     0.06310     0.00030
     6     9     0.0000050    -0.0000163     0.0000000     0.13610     0.00000
     6    10     0.0000046    -0.0000121     0.0000000     0.22680     0.00000
     6    11     0.0000086     0.0000014    -0.0000000     0.34890     0.00000
     6    12    -0.1363379     0.6107094     0.0000000     0.37370     0.00358
     6    13    -0.0000000     0.0000000     0.0280695     0.49530     0.00001
     6    14     0.0000000    -0.0000000     0.0000005     0.53980     0.00000
     6    15     0.0534425    -0.0525597     0.0000000     0.62790     0.00009
     6    16     0.0000000    -0.0000000    -0.1024406     0.75730     0.00019
     6    17     0.0000008    -0.0000000     0.0000000     0.81330     0.00000
     6    18     0.0000002    -0.0000003    -0.0000000     0.81580     0.00000
     6    19     0.0000000    -0.0000000    -0.0862132     0.82050     0.00015
     6    20    -0.0000000     0.0000000     0.1331815     0.82760     0.00036
     6    21     0.0000000     0.0000000     0.0000000     0.89060     0.00000
     6    22     0.0000026     0.0000053     0.0000000     0.94510     0.00000
     6    23     0.0000052    -0.0000066    -0.0000000     1.09890     0.00000
     6    24     0.0000000     0.0000000    -0.0012283     1.12810     0.00000
     6    25    -0.3625390     0.7931816    -0.0000000     1.13520     0.02115
     6    26     0.0000000     0.0000000     0.0000000     1.15240     0.00000
     6    27    -0.0000004     0.0000000     0.0000000     1.24320     0.00000
     6    28     0.0000000     0.0000000    -0.0000007     1.25530     0.00000
     6    29     0.0000000     0.0000000    -0.0635367     1.28690     0.00013
     6    30     0.0000015    -0.0000003     0.0000000     1.30840     0.00000
     7     7     0.0000000    -0.0000000    -0.0000051     0.00000     0.00000
     7     8     0.0000070    -0.0000210     0.0000000     0.03120     0.00000
     7     9    -1.1429369     3.5585253     0.0000000     0.10420     0.03566
     7    10    -1.3302178     4.2131328    -0.0000000     0.19490     0.09321
     7    11     0.0000000     0.0000000     0.0000000     0.31700     0.00000
     7    12     0.0000012    -0.0000065     0.0000000     0.34180     0.00000
     7    13     0.0000000     0.0000000     0.0000000     0.46340     0.00000
     7    14     0.0000000     0.0000000     0.0101171     0.50790     0.00000
     7    15     0.0000088     0.0000063     0.0000000     0.59600     0.00000
     7    16     0.0000000     0.0000000     0.0000000     0.72540     0.00000
     7    17     0.0000000     0.0000000     0.0000000     0.78140     0.00000
     7    18    -0.1495012     0.4814196    -0.0000000     0.78390     0.00488
     7    19    -0.0000000     0.0000000    -0.0000003     0.78860     0.00000
     7    20    -0.0000000     0.0000000    -0.0000002     0.79570     0.00000
     7    21     0.0000000    -0.0000000    -0.3316613     0.85870     0.00231
     7    22     0.0000000     0.0000000     0.0000000     0.91320     0.00000
     7    23     0.0000000     0.0000000     0.0000000     1.06700     0.00000
     7    24     0.0000000     0.0000000     0.0000006     1.09620     0.00000
     7    25    -0.0000033     0.0000059     0.0000000     1.10330     0.00000
     7    26    -0.0000000     0.0000000     0.0934277     1.12050     0.00024
     7    27     0.0000000     0.0000000     0.0000000     1.21130     0.00000
     7    28     0.0000000    -0.0000000    -0.0581481     1.22340     0.00010
     7    29     0.0000000     0.0000000     0.0000000     1.25500     0.00000
     7    30     0.0000000     0.0000000     0.0000000     1.27650     0.00000
     8     8     0.0000000    -0.0000000     0.0000089     0.00000     0.00000
     8     9    -0.0000000     0.0000000    -0.0739605     0.07300     0.00001
     8    10     0.0000000    -0.0000000    -0.0363647     0.16370     0.00001
     8    11     0.0000000     0.0000000     0.0056706     0.28580     0.00000
     8    12    -0.0000000     0.0000000    -0.0000002     0.31060     0.00000
     8    13     0.0000008    -0.0000044     0.0000000     0.43220     0.00000
     8    14     0.0404478    -0.0066473     0.0000000     0.47670     0.00002
     8    15     0.0000000    -0.0000000     0.0000000     0.56480     0.00000
     8    16     0.0000038    -0.0000067     0.0000000     0.69420     0.00000
     8    17     0.0000000    -0.0000000    -0.1399854     0.75020     0.00036
     8    18    -0.0000000     0.0000000    -0.0108214     0.75270     0.00000
     8    19    -0.0000009     0.0000001     0.0000000     0.75740     0.00000
     8    20    -0.0000034     0.0000033    -0.0000000     0.76450     0.00000
     8    21     0.0000000     0.0000000     0.0000000     0.82750     0.00000
     8    22    -0.0000000     0.0000000     0.0355333     0.88200     0.00003
     8    23    -0.0000000     0.0000000    -0.2730174     1.03580     0.00189
     8    24    -0.0000032     0.0000058    -0.0000000     1.06500     0.00000
     8    25     0.0000000    -0.0000000    -0.0000003     1.07210     0.00000
     8    26     0.0000000     0.0000000     0.0000000     1.08930     0.00000
     8    27    -0.0000000     0.0000000     0.0037781     1.18010     0.00000
     8    28    -1.0186681     2.4492850    -0.0000000     1.19220     0.20553
     8    29    -0.0000013     0.0000002     0.0000000     1.22380     0.00000
     8    30    -0.0000000    -0.0000000     0.0908228     1.24530     0.00025
     9     9     0.0000000    -0.0000000    -0.0000046     0.00000     0.00000
     9    10    -0.0000000     0.0000000    -0.0000015     0.09070     0.00000
     9    11     0.0000000     0.0000000     0.0000000     0.21280     0.00000
     9    12    -0.0000000    -0.0000000     0.0337698     0.23760     0.00001
     9    13     0.0000000     0.0000000     0.0000000     0.35920     0.00000
     9    14     0.0000051    -0.0000121    -0.0000000     0.40370     0.00000
     9    15    -0.0000000     0.0000000     0.3284588     0.49180     0.00130
     9    16     0.0000000     0.0000000     0.0000000     0.62120     0.00000
     9    17     0.0000000     0.0000000     0.0000000     0.67720     0.00000
     9    18    -0.0000000    -0.0000000     0.0000017     0.67970     0.00000
     9    19     0.0214462    -0.6958510    -0.0000000     0.68440     0.00813
     9    20     0.0054945    -0.4577616    -0.0000000     0.69150     0.00355
     9    21     0.0000083    -0.0000049     0.0000000     0.75450     0.00000
     9    22     0.0000000     0.0000000     0.0000000     0.80900     0.00000
     9    23     0.0000000     0.0000000     0.0000000     0.96280     0.00000
     9    24    -0.9583175     3.7295496    -0.0000000     0.99200     0.36037
     9    25    -0.0000000     0.0000000    -0.0521781     0.99910     0.00007
     9    26     0.0000039    -0.0000022     0.0000000     1.01630     0.00000
     9    27     0.0000000    -0.0000000     0.0000008     1.10710     0.00000
     9    28    -0.0000006     0.0000094    -0.0000000     1.11920     0.00000
     9    29     0.0000000     0.0000000     0.0000000     1.15080     0.00000
     9    30     0.0000000     0.0000000     0.0000000     1.17230     0.00000
    10    10     0.0000000    -0.0000000    -0.0000023     0.00000     0.00000
    10    11     0.0000000     0.0000000     0.0000000     0.12210     0.00000
    10    12    -0.0000000     0.0000000    -0.0722601     0.14690     0.00002
    10    13     0.0000000     0.0000000     0.0000000     0.26850     0.00000
    10    14    -0.0000019     0.0000089    -0.0000000     0.31300     0.00000
    10    15    -0.0000000     0.0000000    -0.5055127     0.40110     0.00251
    10    16     0.0000000     0.0000000     0.0000000     0.53050     0.00000
    10    17     0.0000000     0.0000000     0.0000000     0.58650     0.00000
    10    18     0.0000000    -0.0000000    -0.0000018     0.58900     0.00000
    10    19    -0.1323840     0.1592465     0.0000000     0.59370     0.00062
    10    20    -0.0877388     0.1399622     0.0000000     0.60080     0.00040
    10    21    -0.0000036    -0.0000093    -0.0000000     0.66380     0.00000
    10    22     0.0000000     0.0000000     0.0000000     0.71830     0.00000
    10    23     0.0000000     0.0000000     0.0000000     0.87210     0.00000
    10    24     0.7123793    -2.6311631     0.0000000     0.90130     0.16408
    10    25    -0.0000000    -0.0000000     0.0201388     0.90840     0.00001
    10    26    -0.0000015    -0.0000049    -0.0000000     0.92560     0.00000
    10    27    -0.0000000     0.0000000    -0.0000009     1.01640     0.00000
    10    28    -0.0000061     0.0000128    -0.0000000     1.02850     0.00000
    10    29     0.0000000     0.0000000     0.0000000     1.06010     0.00000
    10    30     0.0000000     0.0000000     0.0000000     1.08160     0.00000
    11    11     0.0000000    -0.0000000     0.0000037     0.00000     0.00000
    11    12    -0.0000000     0.0000000    -0.3705641     0.02480     0.00008
    11    13     1.7926183    -4.7606989    -0.0000000     0.14640     0.09282
    11    14    -0.0000004    -0.0000014    -0.0000000     0.19090     0.00000
    11    15    -0.0000000     0.0000000    -0.0871844     0.27900     0.00005
    11    16     4.5429848     1.1828726     0.0000000     0.40840     0.22050
    11    17     0.0000000    -0.0000000     0.0000002     0.46440     0.00000
    11    18     0.0000000     0.0000000     0.0000000     0.46690     0.00000
    11    19     1.2204364     0.1949847    -0.0000000     0.47160     0.01765
    11    20    -1.6877224    -0.2563204     0.0000000     0.47870     0.03418
    11    21     0.0000000     0.0000000     0.0000000     0.54170     0.00000
    11    22     0.0000000    -0.0000000     0.0000062     0.59620     0.00000
    11    23     0.0000000     0.0000000    -0.0000107     0.75000     0.00000
    11    24     0.0000000     0.0000000     0.0000000     0.77920     0.00000
    11    25     0.0000000     0.0000000     0.2181712     0.78630     0.00092
    11    26    -0.0000061     0.0000184    -0.0000000     0.80350     0.00000
    11    27     0.0000000     0.0000000     0.0000000     0.89430     0.00000
    11    28     0.0000048     0.0000008     0.0000000     0.90640     0.00000
    11    29    -0.0464174     0.2280454    -0.0000000     0.93800     0.00124
    11    30     0.0000000    -0.0000000     0.0000000     0.95950     0.00000
    12    12     0.0000000    -0.0000000     0.0000089     0.00000     0.00000
    12    13    -0.0000034    -0.0000032    -0.0000000     0.12160     0.00000
    12    14    -0.0895884     0.0906764    -0.0000000     0.16610     0.00007
    12    15     0.0000000    -0.0000000     0.0000009     0.25420     0.00000
    12    16    -0.0000049    -0.0000016    -0.0000000     0.38360     0.00000
    12    17    -0.0000000    -0.0000000     0.0028911     0.43960     0.00000
    12    18     0.0000000    -0.0000000    -0.0120484     0.44210     0.00000
    12    19    -0.0000010    -0.0000053     0.0000000     0.44680     0.00000
    12    20     0.0000052    -0.0000023    -0.0000000     0.45390     0.00000
    12    21     0.0000000     0.0000000     0.0000000     0.51690     0.00000
    12    22    -0.0000000    -0.0000000    -0.4289417     0.57140     0.00258
    12    23    -0.0000000    -0.0000000     0.0349806     0.72520     0.00002
    12    24    -0.0000024     0.0000071    -0.0000000     0.75440     0.00000
    12    25    -0.0000000     0.0000000    -0.0000015     0.76150     0.00000
    12    26     0.0000000     0.0000000     0.0000000     0.77870     0.00000
    12    27    -0.0000000     0.0000000    -0.0051949     0.86950     0.00000
    12    28    -0.5317303     1.0191223    -0.0000000     0.88160     0.02854
    12    29    -0.0000010     0.0000027    -0.0000000     0.91320     0.00000
    12    30     0.0000000    -0.0000000     0.0601130     0.93470     0.00008
    13    13     0.0000000    -0.0000000     0.0000028     0.00000     0.00000
    13    14    -0.0000000     0.0000000    -0.2028601     0.04450     0.00004
    13    15    -0.0000063     0.0000191    -0.0000000     0.13260     0.00000
    13    16    -0.0000000    -0.0000000    -0.0000062     0.26200     0.00000
    13    17    -0.1210018     0.0854027    -0.0000000     0.31800     0.00017
    13    18     0.0000000     0.0000000     0.0000000     0.32050     0.00000
    13    19     0.0000000    -0.0000000    -0.0000018     0.32520     0.00000
    13    20    -0.0000000     0.0000000     0.0000025     0.33230     0.00000
    13    21     0.0000000     0.0000000     0.0000000     0.39530     0.00000
    13    22    -1.8024320     4.2232994     0.0000000     0.44980     0.23235
    13    23     4.5667757     1.9904094    -0.0000000     0.60360     0.36699
    13    24     0.0000000     0.0000000     0.0000000     0.63280     0.00000
    13    25     0.0000025     0.0000007     0.0000000     0.63990     0.00000
    13    26    -0.0000000     0.0000000    -0.0930034     0.65710     0.00014
    13    27     0.0000000     0.0000000     0.0000000     0.74790     0.00000
    13    28    -0.0000000    -0.0000000     0.1353948     0.76000     0.00034
    13    29     0.0000000     0.0000000     0.0000013     0.79160     0.00000
    13    30     0.0000000     0.0000000     0.0000000     0.81310     0.00000
    14    14     0.0000000    -0.0000000     0.0000068     0.00000     0.00000
    14    15    -0.0093662     0.0159037     0.0000000     0.08810     0.00000
    14    16    -0.0000000    -0.0000000     0.1521231     0.21750     0.00012
    14    17     0.0000050     0.0000030    -0.0000000     0.27350     0.00000
    14    18    -0.0000011     0.0000036    -0.0000000     0.27600     0.00000
    14    19     0.0000000     0.0000000     0.0098351     0.28070     0.00000
    14    20    -0.0000000    -0.0000000     0.0086940     0.28780     0.00000
    14    21     0.0000000     0.0000000     0.0000000     0.35080     0.00000
    14    22     0.0000003    -0.0000010     0.0000000     0.40530     0.00000
    14    23     0.0000012    -0.0000008    -0.0000000     0.55910     0.00000
    14    24    -0.0000000     0.0000000    -0.0249756     0.58830     0.00001
    14    25     0.0198283     0.3897048     0.0000000     0.59540     0.00222
    14    26     0.0000000     0.0000000     0.0000000     0.61260     0.00000
    14    27    -0.0000005     0.0000007    -0.0000000     0.70340     0.00000
    14    28     0.0000000    -0.0000000    -0.0000000     0.71550     0.00000
    14    29     0.0000000    -0.0000000     0.0257850     0.74710     0.00001
    14    30     0.0000014     0.0000006    -0.0000000     0.76860     0.00000
    15    15     0.0000000    -0.0000000    -0.0000024     0.00000     0.00000
    15    16    -0.0000008     0.0000026    -0.0000000     0.12940     0.00000
    15    17    -0.0000000    -0.0000000     0.0096026     0.18540     0.00000
    15    18    -0.0000000    -0.0000000    -0.1550395     0.18790     0.00011
    15    19     0.0000014    -0.0000020     0.0000000     0.19260     0.00000
    15    20    -0.0000015     0.0000059     0.0000000     0.19970     0.00000
    15    21     5.1184772     1.8676669     0.0000000     0.26270     0.19107
    15    22    -0.0000000     0.0000000    -0.0538815     0.31720     0.00002
    15    23    -0.0000000     0.0000000    -0.0033714     0.47100     0.00000
    15    24    -0.0000019    -0.0000018     0.0000000     0.50020     0.00000
    15    25     0.0000000    -0.0000000     0.0000009     0.50730     0.00000
    15    26     1.3185132    -4.0857988    -0.0000000     0.52450     0.23685
    15    27     0.0000000     0.0000000     0.0000000     0.61530     0.00000
    15    28     0.6681403     0.3967955     0.0000000     0.62740     0.00928
    15    29    -0.0000001     0.0000005    -0.0000000     0.65900     0.00000
    15    30     0.0000000    -0.0000000     0.0258850     0.68050     0.00001
    16    16     0.0000000     0.0000000     0.0000099     0.00000     0.00000
    16    17     0.3327878    -1.1217186    -0.0000000     0.05600     0.00188
    16    18     0.0000000     0.0000000     0.0000000     0.05850     0.00000
    16    19     0.0000000     0.0000000     0.0000015     0.06320     0.00000
    16    20    -0.0000000    -0.0000000    -0.0000020     0.07030     0.00000
    16    21    -0.0000000     0.0000000    -0.0918234     0.13330     0.00003
    16    22     2.4205567     1.5474281     0.0000000     0.18780     0.03798
    16    23     1.3010166    -3.1017247     0.0000000     0.34160     0.09468
    16    24     0.0000000     0.0000000     0.0000000     0.37080     0.00000
    16    25     0.0000074    -0.0000000     0.0000000     0.37790     0.00000
    16    26     0.0000000     0.0000000     0.0030426     0.39510     0.00000
    16    27     0.0000000     0.0000000     0.0000000     0.48590     0.00000
    16    28     0.0000000     0.0000000    -0.3087200     0.49800     0.00116
    16    29    -0.0000000     0.0000000    -0.0000053     0.52960     0.00000
    16    30     1.5220525     0.7779952    -0.0000000     0.55110     0.03945
    17    17     0.0000000    -0.0000000     0.0000023     0.00000     0.00000
    17    18     0.0000000     0.0000000     0.0000000     0.00250     0.00000
    17    19    -0.4717783     1.5867223     0.0000000     0.00720     0.00048
    17    20     0.7229775    -2.4316236    -0.0000000     0.01430     0.00225
    17    21     0.0000000     0.0000000     0.0000000     0.07730     0.00000
    17    22     0.0000000    -0.0000000     0.0000001     0.13180     0.00000
    17    23     0.0000000     0.0000000     0.0000000     0.28560     0.00000
    17    24     0.0000000     0.0000000     0.0000000     0.31480     0.00000
    17    25    -0.0000000    -0.0000000     0.1957647     0.32190     0.00030
    17    26    -0.0000035     0.0000063     0.0000000     0.33910     0.00000
    17    27     0.0000000     0.0000000     0.0000000     0.42990     0.00000
    17    28    -0.0000023    -0.0000017    -0.0000000     0.44200     0.00000
    17    29     4.6519027     1.6860758    -0.0000000     0.47360     0.28408
    17    30    -0.0000000    -0.0000000    -0.0000096     0.49510     0.00000
    18    18     0.0000000    -0.0000000     0.0000078     0.00000     0.00000
    18    19    -0.3822216     1.6975869    -0.0000000     0.00470     0.00035
    18    20    -0.3699589     1.4942322    -0.0000000     0.01180     0.00069
    18    21    -0.0000019    -0.0000014    -0.0000000     0.07480     0.00000
    18    22     0.0000000     0.0000000     0.0000000     0.12930     0.00000
    18    23     0.0000000     0.0000000     0.0000000     0.28310     0.00000
    18    24     0.2811765    -0.7834018     0.0000000     0.31230     0.00530
    18    25     0.0000000    -0.0000000     0.0189784     0.31940     0.00000
    18    26    -0.0000009    -0.0000008    -0.0000000     0.33660     0.00000
    18    27    -0.0000000    -0.0000000     0.0000003     0.42740     0.00000
    18    28    -0.0000013     0.0000016    -0.0000000     0.43950     0.00000
    18    29     0.0000000     0.0000000     0.0000000     0.47110     0.00000
    18    30     0.0000000     0.0000000     0.0000000     0.49260     0.00000
    19    19     0.0000000    -0.0000000     0.0000066     0.00000     0.00000
    19    20    -0.0000000     0.0000000     0.0000022     0.00710     0.00000
    19    21     0.0000000     0.0000000    -0.1612233     0.07010     0.00004
    19    22     0.4636059     0.2766012     0.0000000     0.12460     0.00089
    19    23     0.4104834    -0.9882044     0.0000000     0.27840     0.00781
    19    24    -0.0000000    -0.0000000     0.0000030     0.30760     0.00000
    19    25    -0.0000008    -0.0000042    -0.0000000     0.31470     0.00000
    19    26    -0.0000000     0.0000000     0.2943685     0.33190     0.00070
    19    27    -0.8823383     2.4230370    -0.0000000     0.42270     0.06886
    19    28     0.0000000    -0.0000000     0.1035806     0.43480     0.00011
    19    29     0.0000000     0.0000000     0.0000044     0.46640     0.00000
    19    30    -2.4554745    -0.7712438     0.0000000     0.48790     0.07918
    20    20     0.0000000    -0.0000000     0.0000045     0.00000     0.00000
    20    21     0.0000000     0.0000000    -0.0655335     0.06300     0.00001
    20    22    -0.6402943    -0.3757801    -0.0000000     0.11750     0.00159
    20    23    -0.5623042     1.3537001    -0.0000000     0.27130     0.01428
    20    24    -0.0000000    -0.0000000     0.0000020     0.30050     0.00000
    20    25     0.0000023     0.0000026     0.0000000     0.30760     0.00000
    20    26    -0.0000000     0.0000000     0.2068669     0.32480     0.00034
    20    27    -0.5982889     1.6355131    -0.0000000     0.41560     0.03088
    20    28    -0.0000000     0.0000000    -0.2375445     0.42770     0.00059
    20    29    -0.0000000    -0.0000000    -0.0000068     0.45930     0.00000
    20    30     3.7544240     1.1893506    -0.0000000     0.48080     0.18270
    21    21     0.0000000     0.0000000     0.0000021     0.00000     0.00000
    21    22     0.0000000     0.0000000     0.0000000     0.05450     0.00000
    21    23    -0.0000064     0.0000193    -0.0000000     0.20830     0.00000
    21    24    -0.0000000    -0.0000000     0.3449804     0.23750     0.00069
    21    25     0.0000000     0.0000000     0.0000000     0.24460     0.00000
    21    26    -0.0000000     0.0000000    -0.0000083     0.26180     0.00000
    21    27     0.0000000     0.0000000     0.0000000     0.35260     0.00000
    21    28     0.0000000     0.0000000    -0.0000001     0.36470     0.00000
    21    29     0.0000000     0.0000000     0.0102238     0.39630     0.00000
    21    30    -0.0000041     0.0000073     0.0000000     0.41780     0.00000
    22    22     0.0000000     0.0000000     0.0000060     0.00000     0.00000
    22    23     0.0000000     0.0000000    -0.0000004     0.15380     0.00000
    22    24     0.0000000     0.0000000     0.0000000     0.18300     0.00000
    22    25    -0.0000000     0.0000000     0.3129908     0.19010     0.00046
    22    26     0.0000059    -0.0000178     0.0000000     0.20730     0.00000
    22    27     0.0000000     0.0000000     0.0000000     0.29810     0.00000
    22    28     0.0000009     0.0000042     0.0000000     0.31020     0.00000
    22    29     0.4151925    -0.9985877    -0.0000000     0.34180     0.00979
    22    30    -0.0000000     0.0000000    -0.0000000     0.36330     0.00000
    23    23    -0.0000000     0.0000000     0.0000030     0.00000     0.00000
    23    24     0.0000000     0.0000000     0.0000000     0.02920     0.00000
    23    25     0.0000000     0.0000000    -0.1026131     0.03630     0.00001
    23    26     0.0000000     0.0000000     0.0000000     0.05350     0.00000
    23    27     0.0000000     0.0000000     0.0000000     0.14430     0.00000
    23    28     0.0000010    -0.0000008     0.0000000     0.15640     0.00000
    23    29     0.5793005     0.4234271    -0.0000000     0.18800     0.00237
    23    30     0.0000000     0.0000000     0.0000001     0.20950     0.00000
    24    24     0.0000000    -0.0000000    -0.0000030     0.00000     0.00000
    24    25     0.0000018    -0.0000043    -0.0000000     0.00710     0.00000
    24    26    -0.0000000     0.0000000    -0.3399797     0.02430     0.00007
    24    27    -0.6086626     1.6845787    -0.0000000     0.11510     0.00905
    24    28    -0.0000000    -0.0000000     0.0905578     0.12720     0.00003
    24    29     0.0000000     0.0000000     0.0000000     0.15880     0.00000
    24    30     0.0000000     0.0000000     0.0000000     0.18030     0.00000
    25    25     0.0000000    -0.0000000     0.0000077     0.00000     0.00000
    25    26     0.0000000     0.0000000     0.0000000     0.01720     0.00000
    25    27    -0.0000000    -0.0000000    -0.0060499     0.10800     0.00000
    25    28     0.1793939    -0.5339018    -0.0000000     0.12010     0.00093
    25    29     0.0000038    -0.0000016     0.0000000     0.15170     0.00000
    25    30     0.0000000    -0.0000000    -0.0460310     0.17320     0.00001
    26    26     0.0000000    -0.0000000     0.0000057     0.00000     0.00000
    26    27     0.0000000     0.0000000     0.0000000     0.09080     0.00000
    26    28    -0.0000000    -0.0000000    -0.0000019     0.10290     0.00000
    26    29    -0.0000000     0.0000000    -0.0059501     0.13450     0.00000
    26    30     0.0000000     0.0000000     0.0000000     0.15600     0.00000
    27    27     0.0000000    -0.0000000     0.0000109     0.00000     0.00000
    27    28     0.0000008     0.0000005    -0.0000000     0.01210     0.00000
    27    29     0.0000000     0.0000000     0.0000000     0.04370     0.00000
    27    30     0.0000000     0.0000000     0.0000000     0.06520     0.00000
    28    28     0.0000000    -0.0000000     0.0000075     0.00000     0.00000
    28    29    -0.0000000    -0.0000000     0.2731621     0.03160     0.00006
    28    30    -0.0000053     0.0000034    -0.0000000     0.05310     0.00000
    29    29    -0.0000000     0.0000000     0.0000046     0.00000     0.00000
    29    30     0.4662287    -0.6453152     0.0000000     0.02150     0.00033
    30    30    -0.0000000     0.0000000     0.0000045     0.00000     0.00000
