# UV-Vis Spectrum
# X-Axis:  Wavelength (nm)
# Y-Axis:  &epsilon;
# Y-Axis2: Oscillator Strength

# Peak information
#                  X                   Y                  Y2
#     421.7300000000        0.6502000000  1311805.5491078298
#     311.0100000000        0.0690000000   139210.3704836055
#     288.7300000000        0.0720000000   145262.9952872405
#     237.2100000000        0.2892000000   583473.0310704160
#     235.8400000000        0.0002000000      403.5083202423
#     213.2700000000        0.0037000000     7464.9039244832
#     209.8500000000        0.0000000000        0.0000000000
#     205.7900000000        0.0270000000    54473.6232327152
#     203.8400000000        0.0001000000      201.7541601212
#     203.3700000000        0.1137000000   229394.4800577673
#     197.3900000000        0.0003000000      605.2624803635
#     194.5800000000        0.0009000000     1815.7874410905
#     193.2800000000        0.0453000000    91394.6345348888
#     192.2200000000        0.0000000000        0.0000000000
#     189.0900000000        0.0001000000      201.7541601212
#     188.1400000000        0.0789000000   159184.0323356010
#     186.6000000000        0.0249000000    50236.7858701707
#     184.4500000000        0.0040000000     8070.1664048467
#     183.1400000000        0.0017000000     3429.8207220598
#     180.5200000000        0.0004000000      807.0166404847
#     180.1700000000        0.0054000000    10894.7246465430
#     177.6000000000        0.0001000000      201.7541601212
#     177.5700000000        0.0014000000     2824.5582416963
#     172.5900000000        0.3526000000   711385.1685872362
#     171.9300000000        0.0021000000     4236.8373625445
#     170.9900000000        0.0010000000     2017.5416012117
#     170.7700000000        0.0000000000        0.0000000000
#     169.6300000000        0.0018000000     3631.5748821810
#     169.2800000000        0.0061000000    12307.0037673912
#     168.5900000000        0.0004000000      807.0166404847

# Spectra
#                  X                   Y               DY/DX
        0.0000000000        0.0000000000        0.0000000000
        1.0000000000        0.0000000000        0.0000000000
        2.0000000000        0.0000000000        0.0000000000
        3.0000000000        0.0000000000        0.0000000000
        4.0000000000        0.0000000000        0.0000000000
        5.0000000000        0.0000000000        0.0000000000
        6.0000000000        0.0000000000        0.0000000000
        7.0000000000        0.0000000000        0.0000000000
        8.0000000000        0.0000000000        0.0000000000
        9.0000000000        0.0000000000        0.0000000000
       10.0000000000        0.0000000000        0.0000000000
       11.0000000000        0.0000000000        0.0000000000
       12.0000000000        0.0000000000        0.0000000000
       13.0000000000        0.0000000000        0.0000000000
       14.0000000000        0.0000000000        0.0000000000
       15.0000000000        0.0000000000        0.0000000000
       16.0000000000        0.0000000000        0.0000000000
       17.0000000000        0.0000000000        0.0000000000
       18.0000000000        0.0000000000        0.0000000000
       19.0000000000        0.0000000000        0.0000000000
       20.0000000000        0.0000000000        0.0000000000
       21.0000000000        0.0000000000        0.0000000000
       22.0000000000        0.0000000000        0.0000000000
       23.0000000000        0.0000000000        0.0000000000
       24.0000000000        0.0000000000        0.0000000000
       25.0000000000        0.0000000000        0.0000000000
       26.0000000000        0.0000000000        0.0000000000
       27.0000000000        0.0000000000        0.0000000000
       28.0000000000        0.0000000000        0.0000000000
       29.0000000000        0.0000000000        0.0000000000
       30.0000000000        0.0000000000        0.0000000000
       31.0000000000        0.0000000000        0.0000000000
       32.0000000000        0.0000000000        0.0000000000
       33.0000000000        0.0000000000        0.0000000000
       34.0000000000        0.0000000000        0.0000000000
       35.0000000000        0.0000000000        0.0000000000
       36.0000000000        0.0000000000        0.0000000000
       37.0000000000        0.0000000000        0.0000000000
       38.0000000000        0.0000000000        0.0000000000
       39.0000000000        0.0000000000        0.0000000000
       40.0000000000        0.0000000000        0.0000000000
       41.0000000000        0.0000000000        0.0000000000
       42.0000000000        0.0000000000        0.0000000000
       43.0000000000        0.0000000000        0.0000000000
       44.0000000000        0.0000000000        0.0000000000
       45.0000000000        0.0000000000        0.0000000000
       46.0000000000        0.0000000000        0.0000000000
       47.0000000000        0.0000000000        0.0000000000
       48.0000000000        0.0000000000        0.0000000000
       49.0000000000        0.0000000000        0.0000000000
       50.0000000000        0.0000000000        0.0000000000
       51.0000000000        0.0000000000        0.0000000000
       52.0000000000        0.0000000000        0.0000000000
       53.0000000000        0.0000000000        0.0000000000
       54.0000000000        0.0000000000        0.0000000000
       55.0000000000        0.0000000000        0.0000000000
       56.0000000000        0.0000000000        0.0000000000
       57.0000000000        0.0000000000        0.0000000000
       58.0000000000        0.0000000000        0.0000000000
       59.0000000000        0.0000000000        0.0000000000
       60.0000000000        0.0000000000        0.0000000000
       61.0000000000        0.0000000000        0.0000000000
       62.0000000000        0.0000000000        0.0000000000
       63.0000000000        0.0000000000        0.0000000000
       64.0000000000        0.0000000000        0.0000000000
       65.0000000000        0.0000000000        0.0000000000
       66.0000000000        0.0000000000        0.0000000000
       67.0000000000        0.0000000000        0.0000000000
       68.0000000000        0.0000000000        0.0000000000
       69.0000000000        0.0000000000        0.0000000000
       70.0000000000        0.0000000000        0.0000000000
       71.0000000000        0.0000000000        0.0000000000
       72.0000000000        0.0000000000        0.0000000000
       73.0000000000        0.0000000000        0.0000000000
       74.0000000000        0.0000000000        0.0000000000
       75.0000000000        0.0000000000        0.0000000000
       76.0000000000        0.0000000000        0.0000000000
       77.0000000000        0.0000000000        0.0000000000
       78.0000000000        0.0000000000        0.0000000000
       79.0000000000        0.0000000000        0.0000000000
       80.0000000000        0.0000000000        0.0000000000
       81.0000000000        0.0000000000        0.0000000000
       82.0000000000        0.0000000000        0.0000000000
       83.0000000000        0.0000000000        0.0000000000
       84.0000000000        0.0000000000        0.0000000000
       85.0000000000        0.0000000000        0.0000000000
       86.0000000000        0.0000000000        0.0000000000
       87.0000000000        0.0000000000        0.0000000000
       88.0000000000        0.0000000000        0.0000000000
       89.0000000000        0.0000000000        0.0000000000
       90.0000000000        0.0000000000        0.0000000000
       91.0000000000        0.0000000000        0.0000000000
       92.0000000000        0.0000000000        0.0000000000
       93.0000000000        0.0000000000        0.0000000000
       94.0000000000        0.0000000000        0.0000000000
       95.0000000000        0.0000000000        0.0000000000
       96.0000000000        0.0000000000        0.0000000000
       97.0000000000        0.0000000000        0.0000000000
       98.0000000000        0.0000000000        0.0000000000
       99.0000000000        0.0000000000        0.0000000000
      100.0000000000        0.0000000000        0.0000000000
      101.0000000000        0.0000000000        0.0000000000
      102.0000000000        0.0000000000        0.0000000000
      103.0000000000        0.0000000000        0.0000000000
      104.0000000000        0.0000000000        0.0000000000
      105.0000000000        0.0000000000        0.0000000000
      106.0000000000        0.0000000000        0.0000000000
      107.0000000000        0.0000000000        0.0000000000
      108.0000000000        0.0000000000        0.0000000000
      109.0000000000        0.0000000000        0.0000000000
      110.0000000000        0.0000000000        0.0000000000
      111.0000000000        0.0000000000        0.0000000000
      112.0000000000        0.0000000000        0.0000000000
      113.0000000000        0.0000000000        0.0000000000
      114.0000000000        0.0000000000        0.0000000000
      115.0000000000        0.0000000000        0.0000000000
      116.0000000000        0.0000000000        0.0000000000
      117.0000000000        0.0000000000        0.0000000000
      118.0000000000        0.0000000000        0.0000000000
      119.0000000000        0.0000000000        0.0000000000
      120.0000000000        0.0000000000        0.0000000000
      121.0000000000        0.0000000000        0.0000000000
      122.0000000000        0.0000000000        0.0000000000
      123.0000000000        0.0000000000        0.0000000000
      124.0000000000        0.0000000000        0.0000000000
      125.0000000000        0.0000000000        0.0000000000
      126.0000000000        0.0000000000        0.0000000000
      127.0000000000        0.0000000000        0.0000000000
      128.0000000000        0.0000000000        0.0000000000
      129.0000000000        0.0000000000        0.0000000000
      130.0000000000        0.0000000000        0.0000000000
      131.0000000000        0.0000000002        0.0000000000
      132.0000000000        0.0000000016        0.0000000000
      133.0000000000        0.0000000105        0.0000000000
      134.0000000000        0.0000000619        0.0000000000
      135.0000000000        0.0000003363        0.0000000000
      136.0000000000        0.0000016885        0.0000000000
      137.0000000000        0.0000078558        0.0000000000
      138.0000000000        0.0000339638        0.0000000000
      139.0000000000        0.0001367980        0.0000000000
      140.0000000000        0.0005145769        0.0000000001
      141.0000000000        0.0018119731        0.0000000006
      142.0000000000        0.0059864233        0.0000000060
      143.0000000000        0.0185969898        0.0000000528
      144.0000000000        0.0544361485        0.0000004107
      145.0000000000        0.1504451649        0.0000028550
      146.0000000000        0.3933329434        0.0000178115
      147.0000000000        0.9746506432        0.0001001650
      148.0000000000        2.2931431452        0.0005098410
      149.0000000000        5.1317659882        0.0023575304
      150.0000000000       10.9418339198        0.0099360143
      151.0000000000       22.2643671954        0.0382794343
      152.0000000000       43.3025228587        0.1351566479
      153.0000000000       80.6234788910        0.4383520033
      154.0000000000      143.9118030739        1.3086212948
      155.0000000000      246.6255015865        3.6026217765
      156.0000000000      406.3370069107        9.1617374068
      157.0000000000      644.4996525184       21.5563510474
      158.0000000000      985.3940433466       46.9939449898
      159.0000000000     1454.0995378230       95.0503559704
      160.0000000000     2073.5070207186      178.5756298692
      161.0000000000     2860.6175468442      311.9438849888
      162.0000000000     3822.6086911192      507.0322202483
      163.0000000000     4953.3320825972      767.1229662451
      164.0000000000     6230.9693683587     1080.2149391003
      165.0000000000     7617.4803612013     1414.4560697700
      166.0000000000     9060.2257002021     1718.7524276489
      167.0000000000    10495.7797503201     1930.4452170207
      168.0000000000    11855.5449253483     1989.3768732865
      169.0000000000    13072.4276700258     1854.6868883558
      170.0000000000    14087.6198413326     1518.7734453567
      171.0000000000    14856.4956757877     1013.1774227122
      172.0000000000    15352.7882385515      403.7753122037
      173.0000000000    15570.5114336749     -223.5006057644
      174.0000000000    15523.4749763761     -781.8806781583
      175.0000000000    15242.6195989646    -1201.9856798772
      176.0000000000    14771.7062241192    -1444.0619550900
      177.0000000000    14162.0776313809    -1501.7900243423
      178.0000000000    13467.2568078387    -1398.1699519474
      179.0000000000    12738.0648265980    -1176.1266463946
      180.0000000000    12018.7667616772     -887.2527984750
      181.0000000000    11344.5318273307     -581.6336195652
      182.0000000000    10740.2686434226     -300.5275721621
      183.0000000000    10220.7047892082      -72.4307172498
      184.0000000000     9791.4447820820       87.8539989078
      185.0000000000     9450.6710447349      177.9579579871
      186.0000000000     9191.1445144743      205.3697682904
      187.0000000000     9002.2026711317      184.2610607939
      188.0000000000     8871.5257119795      132.2344900066
      189.0000000000     8786.5285099284       67.3436532041
      190.0000000000     8735.3212616060        5.6170578469
      191.0000000000     8707.2538292409      -40.7625301506
      192.0000000000     8693.1108887070      -64.5379739284
      193.0000000000     8685.0547914601      -63.6964912726
      194.0000000000     8676.4218772322      -41.0743666429
      195.0000000000     8661.4697335311       -3.3615316419
      196.0000000000     8635.1528554464       40.3208735224
      197.0000000000     8592.9778984048       80.0532724895
      198.0000000000     8530.9623087742      106.7246293894
      199.0000000000     8445.6955720839      113.3890617825
      200.0000000000     8334.4833108851       96.1925372446
      201.0000000000     8195.5423036588       54.7640626384
      202.0000000000     8028.2092836055       -7.9433347729
      203.0000000000     7833.1272808608      -86.2860076254
      204.0000000000     7612.3788640922     -172.8895694424
      205.0000000000     7369.5442205620     -259.7475749186
      206.0000000000     7109.6719095781     -339.2696877042
      207.0000000000     6839.1598873947     -405.1232768037
      208.0000000000     6565.5529488890     -452.7697562840
      209.0000000000     6297.2693900251     -479.6637822360
      210.0000000000     6043.2741834135     -485.1451469498
      211.0000000000     5812.7183184367     -470.0989371432
      212.0000000000     5614.5644576014     -436.4837037253
      213.0000000000     5457.2181007944     -386.8299314674
      214.0000000000     5348.1814660451     -323.7960951884
      215.0000000000     5293.7446949830     -249.8434124250
      216.0000000000     5298.7261034769     -167.0597928678
      217.0000000000     5366.2702583603      -77.1341584525
      218.0000000000     5497.7098125410       18.5417591080
      219.0000000000     5692.4943405934      118.6837034941
      220.0000000000     5948.1869021749      221.8854722038
      221.0000000000     6260.5267143678      326.3990745386
      222.0000000000     6623.5541282267      429.9683298266
      223.0000000000     7029.7920859804      529.7492556393
      224.0000000000     7470.4764122677      622.3366122759
      225.0000000000     7935.8257160842      703.9002616437
      226.0000000000     8415.3404154609      770.4193961741
      227.0000000000     8898.1195142709      817.9890079970
      228.0000000000     9373.1833220241      843.1628255632
      229.0000000000     9829.7903558035      843.2915745250
      230.0000000000    10257.7372133864      816.8154588343
      231.0000000000    10647.6312400249      763.4751214053
      232.0000000000    10991.1272768884      684.4152091623
      233.0000000000    11281.1215954242      582.1675910104
      234.0000000000    11511.8981842776      460.5154213818
      235.0000000000    11679.2247450541      324.2526701942
      236.0000000000    11780.3979468880      178.8647216478
      237.0000000000    11814.2395696544       30.1629082053
      238.0000000000    11781.0470278573     -116.0912594217
      239.0000000000    11682.5033285067     -254.5378692628
      240.0000000000    11521.5527183844     -380.5173115317
      241.0000000000    11302.2490875384     -490.2947534325
      242.0000000000    11029.5846115439     -581.1985884248
      243.0000000000    10709.3061538058     -651.6705589995
      244.0000000000    10347.7266496668     -701.2337567769
      245.0000000000     9951.5381099955     -730.3913847046
      246.0000000000     9527.6320765379     -740.4735515864
      247.0000000000     9082.9324021984     -733.4513485151
      248.0000000000     8624.2441836113     -711.7372289777
      249.0000000000     8158.1216033106     -677.9887027245
      250.0000000000     7690.7563992315     -634.9291065312
      251.0000000000     7227.8877150732     -585.1953115273
      252.0000000000     6774.7332301937     -531.2181975879
      253.0000000000     6335.9407450268     -475.1379991317
      254.0000000000     5915.5588197431     -418.7535023342
      255.0000000000     5517.0246327787     -363.5017156980
      256.0000000000     5143.1669367167     -310.4630880547
      257.0000000000     4796.2218303701     -260.3865592214
      258.0000000000     4477.8590218575     -213.7285829692
      259.0000000000     4189.2163093042     -170.7006095911
      260.0000000000     3930.9401336624     -131.3201978283
      261.0000000000     3703.2302422212      -95.4617962506
      262.0000000000     3505.8867230341      -62.9041694441
      263.0000000000     3338.3579129640      -33.3723516640
      264.0000000000     3199.7879309983       -6.5728278247
      265.0000000000     3089.0628322060       17.7786657667
      266.0000000000     3004.8546072116       39.9367730518
      267.0000000000     2945.6624609305       60.1132124787
      268.0000000000     2909.8509885102       78.4698624800
      269.0000000000     2895.6850239359       95.1173673534
      270.0000000000     2901.3610672772      110.1182766368
      271.0000000000     2925.0353010770      123.4936810960
      272.0000000000     2964.8482868724      135.2323102849
      273.0000000000     3018.9464918979      145.3010992010
      274.0000000000     3085.5008365970      153.6563065258
      275.0000000000     3162.7224787218      160.2543680118
      276.0000000000     3248.8760625336      165.0617905530
      277.0000000000     3342.2906647010      168.0635304658
      278.0000000000     3441.3686644235      169.2694483606
      279.0000000000     3544.5927562169      168.7185869668
      280.0000000000     3650.5313114519      166.4811711200
      281.0000000000     3757.8422805443      162.6583742071
      282.0000000000     3865.2758127188      157.3800261875
      283.0000000000     3971.6757552866      150.8005489305
      284.0000000000     4075.9801799004      143.0934901888
      285.0000000000     4177.2210695965      134.4450847003
      286.0000000000     4274.5232877598      125.0472981283
      287.0000000000     4367.1029384861      115.0908071245
      288.0000000000     4454.2652171416      104.7583389360
      289.0000000000     4535.4018401423       94.2187404871
      290.0000000000     4609.9881339922       83.6220748687
      291.0000000000     4677.5798553330       73.0959586293
      292.0000000000     4737.8098060629       62.7432625359
      293.0000000000     4790.3843004071       52.6412078022
      294.0000000000     4835.0795341101       42.8418048858
      295.0000000000     4871.7378996323       33.3735076655
      296.0000000000     4900.2642853515       24.2438958005
      297.0000000000     4920.6223912890       15.4431547538
      298.0000000000     4932.8310888142        6.9480973877
      299.0000000000     4936.9608471237       -1.2735369707
      300.0000000000     4933.1302450694       -9.2587618411
      301.0000000000     4921.5025831285      -17.0452348098
      302.0000000000     4902.2826069541      -24.6675606434
      303.0000000000     4875.7133510407      -32.1541647425
      304.0000000000     4842.0731085391      -39.5248491842
      305.0000000000     4801.6725311600      -46.7890959889
      306.0000000000     4754.8518613708      -53.9451361437
      307.0000000000     4701.9782976809      -60.9797607932
      308.0000000000     4643.4434926863      -67.8688148015
      309.0000000000     4579.6611826511      -74.5782839135
      310.0000000000     4511.0649467038      -81.0658657325
      311.0000000000     4438.1060931604      -87.2829018542
      312.0000000000     4361.2516700267      -93.1765434308
      313.0000000000     4280.9825963205      -98.6920244578
      314.0000000000     4197.7919104740     -103.7749251612
      315.0000000000     4112.1831316895     -108.3733207953
      316.0000000000     4024.6687297105     -112.4397276242
      317.0000000000     3935.7686980260     -115.9327765471
      318.0000000000     3846.0092250384     -118.8185644794
      319.0000000000     3755.9214571973     -121.0716531168
      320.0000000000     3666.0403475456     -122.6757031409
      321.0000000000     3576.9035825449     -123.6237485307
      322.0000000000     3489.0505794672     -123.9181298892
      323.0000000000     3403.0215460815     -123.5701172481
      324.0000000000     3319.3565938397     -122.5992615248
      325.0000000000     3238.5948953102     -121.0325197051
      326.0000000000     3161.2738762362     -118.9032020554
      327.0000000000     3087.9284323277     -116.2497905023
      328.0000000000     3019.0901607614     -113.1146760856
      329.0000000000     2955.2865963604     -109.5428604709
      330.0000000000     2897.0404425865     -105.5806623021
      331.0000000000     2844.8687877949     -101.2744640708
      332.0000000000     2799.2822976917      -96.6695295432
      333.0000000000     2760.7843755831      -91.8089159507
      334.0000000000     2729.8702828299      -86.7324993929
      335.0000000000     2707.0262128846      -81.4761264512
      336.0000000000     2692.7283134066      -76.0709000412
      337.0000000000     2687.4416521873      -70.5426031601
      338.0000000000     2691.6191239640      -64.9112604831
      339.0000000000     2705.7002966311      -59.1908347516
      340.0000000000     2730.1101968522      -53.3890525682
      341.0000000000     2765.2580366036      -47.5073525248
      342.0000000000     2811.5358837235      -41.5409474698
      343.0000000000     2869.3172810672      -35.4789920973
      344.0000000000     2938.9558203513      -29.3048468136
      345.0000000000     3020.7836781965      -22.9964289203
      346.0000000000     3115.1101232051      -16.5266424470
      347.0000000000     3222.2200041365       -9.8638783966
      348.0000000000     3342.3722303323       -2.9725776426
      349.0000000000     3475.7982564906        4.1861508130
      350.0000000000     3622.7005846738       11.6538631101
      351.0000000000     3783.2512970432       19.4740719192
      352.0000000000     3957.5906332479       27.6915023616
      353.0000000000     4145.8256266338       36.3513188452
      354.0000000000     4348.0288134985       45.4983293019
      355.0000000000     4564.2370294780       55.1761735476
      356.0000000000     4794.4503068335       65.4265028276
      357.0000000000     5038.6308859054       76.2881580331
      358.0000000000     5296.7023533320       87.7963545469
      359.0000000000     5568.5489187961       99.9818821609
      360.0000000000     5854.0148410887      112.8703289680
      361.0000000000     6152.9040131610      126.4813385326
      362.0000000000     6464.9797146135      140.8279099413
      363.0000000000     6789.9645387379      155.9157505118
      364.0000000000     7127.5404998188      171.7426909516
      365.0000000000     7477.3493249286      188.2981725927
      366.0000000000     7838.9929329307      205.5628159696
      367.0000000000     8212.0341018613      223.5080794413
      368.0000000000     8595.9973243109      242.0960157832
      369.0000000000     8990.3698488836      261.2791336964
      370.0000000000     9394.6029043030      281.0003700097
      371.0000000000     9808.1131012630      301.1931770014
      372.0000000000    10230.2840057153      321.7817277674
      373.0000000000    10660.4678759492      342.6812409324
      374.0000000000    11097.9875545715      363.7984242834
      375.0000000000    11542.1385053403      385.0320351240
      376.0000000000    11992.1909837646      406.2735533470
      377.0000000000    12447.3923294453      427.4079614401
      378.0000000000    12906.9693673285      448.3146239090
      379.0000000000    13370.1309043513      468.8682569656
      380.0000000000    13836.0703074083      488.9399778187
      381.0000000000    14303.9681481353      508.3984215496
      382.0000000000    14772.9948997134      527.1109123950
      383.0000000000    15242.3136707261      544.9446753013
      384.0000000000    15711.0829610585      561.7680728910
      385.0000000000    16178.4594249092      577.4518525054
      386.0000000000    16643.6006261784      591.8703877552
      387.0000000000    17105.6677718048      604.9028990429
      388.0000000000    17563.8284090342      616.4346377965
      389.0000000000    18017.2590731098      626.3580196854
      390.0000000000    18465.1478724700      634.5736928393
      391.0000000000    18906.6969992151      640.9915280700
      392.0000000000    19341.1251533505      645.5315192576
      393.0000000000    19767.6698701199      648.1245834010
      394.0000000000    20185.5897406042      648.7132513082
      395.0000000000    20594.1665166579      647.2522414941
      396.0000000000    20992.7070921975      643.7089115283
      397.0000000000    21380.5453538067      638.0635827975
      398.0000000000    21757.0438946034      630.3097363976
      399.0000000000    22121.5955862912      620.4540796052
      400.0000000000    22473.6250052953      608.5164840790
      401.0000000000    22812.5897098560      594.5297985745
      402.0000000000    23137.9813659006      578.5395405029
      403.0000000000    23449.3267204483      560.6034720965
      404.0000000000    23746.1884221989      540.7910682477
      405.0000000000    24028.1656898244      519.1828842460
      406.0000000000    24294.8948293049      495.8698326368
      407.0000000000    24546.0496024356      470.9523792583
      408.0000000000    24781.3414493602      444.5396691711
      409.0000000000    25000.5195686749      416.7485936828
      410.0000000000    25203.3708592741      387.7028099767
      411.0000000000    25389.7197286851      357.5317249967
      412.0000000000    25559.4277731590      326.3694552163
      413.0000000000    25712.3933352473      294.3537737406
      414.0000000000    25848.5509450003      261.6250558691
      415.0000000000    25967.8706512703      228.3252337912
      416.0000000000    26070.3572498977      194.5967705170
      417.0000000000    26156.0494157942      160.5816624722
      418.0000000000    26225.0187461229      126.4204794224
      419.0000000000    26277.3687219062       92.2514495674
      420.0000000000    26313.2335954775       58.2095967529
      421.0000000000    26332.7772112251       24.4259358320
      422.0000000000    26336.1917670703       -8.9732687475
      423.0000000000    26323.6965240677      -41.8671769992
      424.0000000000    26295.5364714270      -74.1409769266
      425.0000000000    26251.9809541260     -105.6864152757
      426.0000000000    26193.3222701258     -136.4022541726
      427.0000000000    26119.8742440064     -166.1946531644
      428.0000000000    26031.9707836240     -194.9774769972
      429.0000000000    25929.9644261481     -222.6725302222
      430.0000000000    25814.2248795727     -249.2097204149
      431.0000000000    25685.1375655131     -274.5271524221
      432.0000000000    25543.1021688049     -298.5711566064
      433.0000000000    25388.5311991099     -321.2962545474
      434.0000000000    25221.8485694129     -342.6650660673
      435.0000000000    25043.4881959697     -362.6481617906
      436.0000000000    24853.8926239321     -381.2238657146
      437.0000000000    24653.5116825415     -398.3780124651
      438.0000000000    24442.8011734487     -414.1036640465
      439.0000000000    24222.2215953840     -428.4007909598
      440.0000000000    23992.2369080715     -441.2759225775
      441.0000000000    23753.3133379570     -452.7417716174
      442.0000000000    23505.9182280011     -462.8168374654
      443.0000000000    23250.5189334789     -471.5249929614
      444.0000000000    22987.5817654273     -478.8950590853
      445.0000000000    22717.5709830896     -484.9603717739
      446.0000000000    22440.9478364301     -489.7583448594
      447.0000000000    22158.1696595220     -493.3300328642
      448.0000000000    21869.6890153593     -495.7196971055
      449.0000000000    21575.9528924016     -496.9743782761
      450.0000000000    21277.4019529340     -497.1434783660
      451.0000000000    20974.4698331112     -496.2783544859
      452.0000000000    20667.5824943534     -494.4319268530
      453.0000000000    20357.1576255799     -491.6583028916
      454.0000000000    20043.6040955943     -488.0124191129
      455.0000000000    19727.3214547762     -483.5497021460
      456.0000000000    19408.6994850961     -478.3257500203
      457.0000000000    19088.1177973371     -472.3960345357
      458.0000000000    18765.9454742939     -465.8156253083
      459.0000000000    18442.5407586161     -458.6389358511
      460.0000000000    18118.2507838736     -450.9194918303
      461.0000000000    17793.4113473432     -442.7097214446
      462.0000000000    17468.3467229504     -434.0607676946
      463.0000000000    17143.3695127459     -425.0223221482
      464.0000000000    16818.7805352512     -415.6424796686
      465.0000000000    16494.8687489743     -405.9676134428
      466.0000000000    16171.9112093726     -396.0422695465
      467.0000000000    15850.1730575237     -385.9090801872
      468.0000000000    15529.9075387583     -375.6086946956
      469.0000000000    15211.3560495096     -365.1797272769
      470.0000000000    14894.7482106435     -354.6587204879
      471.0000000000    14580.3019655442     -344.0801233757
      472.0000000000    14268.2237012568     -333.4762831958
      473.0000000000    13958.7083910081     -322.8774496195
      474.0000000000    13651.9397564641     -312.3117903415
      475.0000000000    13348.0904481136     -301.8054170157
      476.0000000000    13047.3222422099     -291.3824204605
      477.0000000000    12749.7862527466     -281.0649141087
      478.0000000000    12455.6231569851     -270.8730847047
      479.0000000000    12164.9634331082     -260.8252492944
      480.0000000000    11877.9276086164     -250.9379175932
      481.0000000000    11594.6265181443     -241.2258588644
      482.0000000000    11315.1615694237     -231.7021724900
      483.0000000000    11039.6250161780     -222.3783614629
      484.0000000000    10768.1002367876     -213.2644080876
      485.0000000000    10500.6620176233     -204.3688512205
      486.0000000000    10237.3768400016     -195.6988644420
      487.0000000000     9978.3031697716     -187.2603345985
      488.0000000000     9723.4917486005     -179.0579402054
      489.0000000000     9472.9858860809     -171.0952292546
      490.0000000000     9226.8217518367     -163.3746960147
      491.0000000000     8985.0286668603     -155.8978564620
      492.0000000000     8747.6293933664     -148.6653220234
      493.0000000000     8514.6404224986     -141.6768713558
      494.0000000000     8286.0722592776     -134.9315199267
      495.0000000000     8061.9297042264     -128.4275871988
      496.0000000000     7842.2121311594     -122.1627612560
      497.0000000000     7626.9137606626     -116.1341607433
      498.0000000000     7416.0239288428     -110.3383940205
      499.0000000000     7209.5273509618     -104.7716154615
      500.0000000000     7007.4043796136      -99.4295788520
      501.0000000000     6809.6312571437      -94.3076878665
      502.0000000000     6616.1803620436      -89.4010436229
      503.0000000000     6427.0204490917      -84.7044893323
      504.0000000000     6242.1168830445      -80.2126520806
      505.0000000000     6061.4318657142      -75.9199817887
      506.0000000000     5884.9246562975      -71.8207874160
      507.0000000000     5712.5517848521      -67.9092704774
      508.0000000000     5544.2672588402      -64.1795559583
      509.0000000000     5380.0227626854      -60.6257207146
      510.0000000000     5219.7678503133      -57.2418194563
      511.0000000000     5063.4501306652      -54.0219084126
      512.0000000000     4911.0154461979      -50.9600667844
      513.0000000000     4762.4080443972      -48.0504160912
      514.0000000000     4617.5707423545      -45.2871375187
      515.0000000000     4476.4450844673      -42.6644873782
      516.0000000000     4338.9714933408      -40.1768107850
      517.0000000000     4205.0894139820      -37.8185536641
      518.0000000000     4074.7374513871      -35.5842731893
      519.0000000000     3947.8535016347      -33.4686467605
      520.0000000000     3824.3748766079      -31.4664796193
      521.0000000000     3704.2384224744      -29.5727112040
      522.0000000000     3587.3806320639      -27.7824203371
      523.0000000000     3473.7377512858      -26.0908293398
      524.0000000000     3363.2458797379      -24.4933071593
      525.0000000000     3255.8410656604      -22.9853715964
      526.0000000000     3151.4593953929      -21.5626907106
      527.0000000000     3050.0370774965      -20.2210834831
      528.0000000000     2951.5105217041      -18.9565198061
      529.0000000000     2855.8164128652      -17.7651198708
      530.0000000000     2762.8917800505      -16.6431530149
      531.0000000000     2672.6740609845      -15.5870360936
      532.0000000000     2585.1011619725      -14.5933314270
      533.0000000000     2500.1115134888      -13.6587443799
      534.0000000000     2417.6441215917      -12.7801206209
      535.0000000000     2337.6386153298      -11.9544431067
      536.0000000000     2260.0352903016      -11.1788288346
      537.0000000000     2184.7751485300      -10.4505254004
      538.0000000000     2111.7999348088       -9.7669073982
      539.0000000000     2041.0521696783       -9.1254726943
      540.0000000000     1972.4751791806       -8.5238386047
      541.0000000000     1906.0131215473       -7.9597380033
      542.0000000000     1841.6110109632       -7.4310153851
      543.0000000000     1779.2147385514       -6.9356229063
      544.0000000000     1718.7710907176       -6.4716164206
      545.0000000000     1660.2277649913       -6.0371515298
      546.0000000000     1603.5333834943       -5.6304796643
      547.0000000000     1548.6375041666       -5.2499442061
      548.0000000000     1495.4906298729       -4.8939766680
      549.0000000000     1444.0442155110       -4.5610929376
      550.0000000000     1394.2506732385       -4.2498895966
      551.0000000000     1346.0633759308       -3.9590403223
      552.0000000000     1299.4366589787       -3.6872923773
      553.0000000000     1254.3258205311       -3.4334631934
      554.0000000000     1210.6871202827       -3.1964370538
      555.0000000000     1168.4777769053       -2.9751618761
      556.0000000000     1127.6559642139       -2.7686460997
      557.0000000000     1088.1808061591       -2.5759556786
      558.0000000000     1050.0123707300       -2.3962111808
      559.0000000000     1013.1116628498       -2.2285849942
      560.0000000000      977.4406163436       -2.0722986404
      561.0000000000      942.9620850523       -1.9266201933
      562.0000000000      909.6398331637       -1.7908618046
      563.0000000000      877.4385248304       -1.6643773312
      564.0000000000      846.3237131378       -1.5465600667
      565.0000000000      816.2618284850       -1.4368405710
      566.0000000000      787.2201664359       -1.3346845996
      567.0000000000      759.1668750972       -1.2395911272
      568.0000000000      732.0709420754       -1.1510904647
      569.0000000000      705.9021810620       -1.0687424666
      570.0000000000      680.6312180953       -0.9921348253
      571.0000000000      656.2294775415       -0.9208814506
      572.0000000000      632.6691678385       -0.8546209304
      573.0000000000      609.9232670406       -0.7930150708
      574.0000000000      587.9655082020       -0.7357475111
      575.0000000000      566.7703646331       -0.6825224123
      576.0000000000      546.3130350625       -0.6330632156
      577.0000000000      526.5694287360       -0.5871114670
      578.0000000000      507.5161504785       -0.5444257074
      579.0000000000      489.1304857492       -0.5047804228
      580.0000000000      471.3903857108       -0.4679650535
      581.0000000000      454.2744523387       -0.4337830596
      582.0000000000      437.7619235896       -0.4020510392
      583.0000000000      421.8326586501       -0.3725978974
      584.0000000000      406.4671232830       -0.3452640634
      585.0000000000      391.6463752881       -0.3199007543
      586.0000000000      377.3520500928       -0.2963692807
      587.0000000000      363.5663464866       -0.2745403954
      588.0000000000      350.2720125118       -0.2542936800
      589.0000000000      337.4523315226       -0.2355169690
      590.0000000000      325.0911084227       -0.2181058088
      591.0000000000      313.1726560903       -0.2019629501
      592.0000000000      301.6817820004       -0.1869978715
      593.0000000000      290.6037750496       -0.1731263326
      594.0000000000      279.9243925921       -0.1602699551
      595.0000000000      269.6298476919       -0.1483558305
      596.0000000000      259.7067965947       -0.1373161523
      597.0000000000      250.1423264265       -0.1270878714
      598.0000000000      240.9239431202       -0.1176123747
      599.0000000000      232.0395595732       -0.1088351827
